{
 "cells": [
  {
   "cell_type": "code",
   "execution_count": 267,
   "metadata": {},
   "outputs": [],
   "source": [
    "import pandas as pd\n",
    "import numpy as np\n",
    "import re\n",
    "import matplotlib.pyplot as plt\n",
    "%matplotlib inline\n",
    "import seaborn as sns\n",
    "sns.set()"
   ]
  },
  {
   "cell_type": "code",
   "execution_count": 268,
   "metadata": {},
   "outputs": [],
   "source": [
    "from sklearn.cross_validation import train_test_split\n",
    "from sklearn.linear_model import LinearRegression, Lasso, LassoCV, Ridge, RidgeCV\n",
    "from sklearn.cross_validation import cross_val_score\n",
    "from sklearn.cross_validation import KFold\n",
    "from sklearn.metrics import mean_squared_error\n",
    "from sklearn.preprocessing import StandardScaler"
   ]
  },
  {
   "cell_type": "code",
   "execution_count": 269,
   "metadata": {},
   "outputs": [],
   "source": [
    "movies = pd.read_csv('movies_cleaned.csv')"
   ]
  },
  {
   "cell_type": "code",
   "execution_count": 270,
   "metadata": {},
   "outputs": [],
   "source": [
    "movies['ReleaseMonth'] = movies['ReleaseMonth'].astype(int)\n",
    "movies['ReleaseYear'] = movies['ReleaseYear'].astype(int)"
   ]
  },
  {
   "cell_type": "code",
   "execution_count": 271,
   "metadata": {},
   "outputs": [
    {
     "data": {
      "text/html": [
       "<div>\n",
       "<style scoped>\n",
       "    .dataframe tbody tr th:only-of-type {\n",
       "        vertical-align: middle;\n",
       "    }\n",
       "\n",
       "    .dataframe tbody tr th {\n",
       "        vertical-align: top;\n",
       "    }\n",
       "\n",
       "    .dataframe thead th {\n",
       "        text-align: right;\n",
       "    }\n",
       "</style>\n",
       "<table border=\"1\" class=\"dataframe\">\n",
       "  <thead>\n",
       "    <tr style=\"text-align: right;\">\n",
       "      <th></th>\n",
       "      <th>Title</th>\n",
       "      <th>IMDBRating</th>\n",
       "      <th>IMDBRatingCount</th>\n",
       "      <th>ReleaseDate</th>\n",
       "      <th>RunTime</th>\n",
       "      <th>UserCount</th>\n",
       "      <th>CriticCount</th>\n",
       "      <th>Metascore</th>\n",
       "      <th>Budget</th>\n",
       "      <th>Opening</th>\n",
       "      <th>...</th>\n",
       "      <th>Stars</th>\n",
       "      <th>Noms</th>\n",
       "      <th>Wins</th>\n",
       "      <th>ActNoms</th>\n",
       "      <th>ActWins</th>\n",
       "      <th>ActAwards</th>\n",
       "      <th>ActCreds</th>\n",
       "      <th>ReleaseMonth</th>\n",
       "      <th>ReleaseYear</th>\n",
       "      <th>Comps</th>\n",
       "    </tr>\n",
       "  </thead>\n",
       "  <tbody>\n",
       "    <tr>\n",
       "      <th>0</th>\n",
       "      <td>It (2017)</td>\n",
       "      <td>7.4</td>\n",
       "      <td>286942</td>\n",
       "      <td>2017-09-08</td>\n",
       "      <td>135.0</td>\n",
       "      <td>1328.0</td>\n",
       "      <td>549.0</td>\n",
       "      <td>69.0</td>\n",
       "      <td>35000000.0</td>\n",
       "      <td>123403419.0</td>\n",
       "      <td>...</td>\n",
       "      <td>Bill Skarsgård, Jaeden Lieberher, Finn Wolfhard</td>\n",
       "      <td>38.0</td>\n",
       "      <td>5.0</td>\n",
       "      <td>4.500000</td>\n",
       "      <td>3.000000</td>\n",
       "      <td>7.500000</td>\n",
       "      <td>31.500000</td>\n",
       "      <td>9</td>\n",
       "      <td>2017</td>\n",
       "      <td>68.0</td>\n",
       "    </tr>\n",
       "    <tr>\n",
       "      <th>1</th>\n",
       "      <td>The Greatest Showman (2017)</td>\n",
       "      <td>7.7</td>\n",
       "      <td>138013</td>\n",
       "      <td>2017-12-20</td>\n",
       "      <td>105.0</td>\n",
       "      <td>1160.0</td>\n",
       "      <td>302.0</td>\n",
       "      <td>48.0</td>\n",
       "      <td>84000000.0</td>\n",
       "      <td>8805843.0</td>\n",
       "      <td>...</td>\n",
       "      <td>Hugh Jackman, Michelle Williams, Zac Efron</td>\n",
       "      <td>25.0</td>\n",
       "      <td>8.0</td>\n",
       "      <td>84.000000</td>\n",
       "      <td>31.333333</td>\n",
       "      <td>115.333333</td>\n",
       "      <td>274.666667</td>\n",
       "      <td>12</td>\n",
       "      <td>2017</td>\n",
       "      <td>42.0</td>\n",
       "    </tr>\n",
       "    <tr>\n",
       "      <th>2</th>\n",
       "      <td>Thor: Ragnarok (2017)</td>\n",
       "      <td>7.9</td>\n",
       "      <td>357134</td>\n",
       "      <td>2017-11-03</td>\n",
       "      <td>130.0</td>\n",
       "      <td>1129.0</td>\n",
       "      <td>478.0</td>\n",
       "      <td>74.0</td>\n",
       "      <td>180000000.0</td>\n",
       "      <td>122744989.0</td>\n",
       "      <td>...</td>\n",
       "      <td>Chris Hemsworth, Tom Hiddleston, Cate Blanchett</td>\n",
       "      <td>36.0</td>\n",
       "      <td>5.0</td>\n",
       "      <td>82.666667</td>\n",
       "      <td>56.000000</td>\n",
       "      <td>138.666667</td>\n",
       "      <td>197.333333</td>\n",
       "      <td>11</td>\n",
       "      <td>2017</td>\n",
       "      <td>55.0</td>\n",
       "    </tr>\n",
       "    <tr>\n",
       "      <th>3</th>\n",
       "      <td>Disobedience (2017)</td>\n",
       "      <td>6.8</td>\n",
       "      <td>5336</td>\n",
       "      <td>2018-04-27</td>\n",
       "      <td>114.0</td>\n",
       "      <td>50.0</td>\n",
       "      <td>88.0</td>\n",
       "      <td>74.0</td>\n",
       "      <td>6000000.0</td>\n",
       "      <td>237393.0</td>\n",
       "      <td>...</td>\n",
       "      <td>Rachel Weisz, Rachel McAdams, Alessandro Nivola</td>\n",
       "      <td>2.0</td>\n",
       "      <td>0.0</td>\n",
       "      <td>29.333333</td>\n",
       "      <td>16.666667</td>\n",
       "      <td>46.000000</td>\n",
       "      <td>124.000000</td>\n",
       "      <td>4</td>\n",
       "      <td>2018</td>\n",
       "      <td>24.0</td>\n",
       "    </tr>\n",
       "    <tr>\n",
       "      <th>4</th>\n",
       "      <td>Kingsman: The Golden Circle (2017)</td>\n",
       "      <td>6.8</td>\n",
       "      <td>188111</td>\n",
       "      <td>2017-09-22</td>\n",
       "      <td>141.0</td>\n",
       "      <td>558.0</td>\n",
       "      <td>324.0</td>\n",
       "      <td>44.0</td>\n",
       "      <td>104000000.0</td>\n",
       "      <td>39023010.0</td>\n",
       "      <td>...</td>\n",
       "      <td>Taron Egerton, Colin Firth, Mark Strong</td>\n",
       "      <td>7.0</td>\n",
       "      <td>2.0</td>\n",
       "      <td>22.666667</td>\n",
       "      <td>24.000000</td>\n",
       "      <td>46.666667</td>\n",
       "      <td>151.000000</td>\n",
       "      <td>9</td>\n",
       "      <td>2017</td>\n",
       "      <td>68.0</td>\n",
       "    </tr>\n",
       "  </tbody>\n",
       "</table>\n",
       "<p>5 rows × 27 columns</p>\n",
       "</div>"
      ],
      "text/plain": [
       "                                Title  IMDBRating  IMDBRatingCount  \\\n",
       "0                           It (2017)         7.4           286942   \n",
       "1         The Greatest Showman (2017)         7.7           138013   \n",
       "2               Thor: Ragnarok (2017)         7.9           357134   \n",
       "3                 Disobedience (2017)         6.8             5336   \n",
       "4  Kingsman: The Golden Circle (2017)         6.8           188111   \n",
       "\n",
       "  ReleaseDate  RunTime  UserCount  CriticCount  Metascore       Budget  \\\n",
       "0  2017-09-08    135.0     1328.0        549.0       69.0   35000000.0   \n",
       "1  2017-12-20    105.0     1160.0        302.0       48.0   84000000.0   \n",
       "2  2017-11-03    130.0     1129.0        478.0       74.0  180000000.0   \n",
       "3  2018-04-27    114.0       50.0         88.0       74.0    6000000.0   \n",
       "4  2017-09-22    141.0      558.0        324.0       44.0  104000000.0   \n",
       "\n",
       "       Opening  ...                                              Stars  Noms  \\\n",
       "0  123403419.0  ...    Bill Skarsgård, Jaeden Lieberher, Finn Wolfhard  38.0   \n",
       "1    8805843.0  ...         Hugh Jackman, Michelle Williams, Zac Efron  25.0   \n",
       "2  122744989.0  ...    Chris Hemsworth, Tom Hiddleston, Cate Blanchett  36.0   \n",
       "3     237393.0  ...    Rachel Weisz, Rachel McAdams, Alessandro Nivola   2.0   \n",
       "4   39023010.0  ...            Taron Egerton, Colin Firth, Mark Strong   7.0   \n",
       "\n",
       "  Wins    ActNoms    ActWins   ActAwards    ActCreds ReleaseMonth  \\\n",
       "0  5.0   4.500000   3.000000    7.500000   31.500000            9   \n",
       "1  8.0  84.000000  31.333333  115.333333  274.666667           12   \n",
       "2  5.0  82.666667  56.000000  138.666667  197.333333           11   \n",
       "3  0.0  29.333333  16.666667   46.000000  124.000000            4   \n",
       "4  2.0  22.666667  24.000000   46.666667  151.000000            9   \n",
       "\n",
       "   ReleaseYear  Comps  \n",
       "0         2017   68.0  \n",
       "1         2017   42.0  \n",
       "2         2017   55.0  \n",
       "3         2018   24.0  \n",
       "4         2017   68.0  \n",
       "\n",
       "[5 rows x 27 columns]"
      ]
     },
     "execution_count": 271,
     "metadata": {},
     "output_type": "execute_result"
    }
   ],
   "source": [
    "movies.head()"
   ]
  },
  {
   "cell_type": "code",
   "execution_count": 272,
   "metadata": {},
   "outputs": [
    {
     "data": {
      "text/html": [
       "<div>\n",
       "<style scoped>\n",
       "    .dataframe tbody tr th:only-of-type {\n",
       "        vertical-align: middle;\n",
       "    }\n",
       "\n",
       "    .dataframe tbody tr th {\n",
       "        vertical-align: top;\n",
       "    }\n",
       "\n",
       "    .dataframe thead th {\n",
       "        text-align: right;\n",
       "    }\n",
       "</style>\n",
       "<table border=\"1\" class=\"dataframe\">\n",
       "  <thead>\n",
       "    <tr style=\"text-align: right;\">\n",
       "      <th></th>\n",
       "      <th>IMDBRating</th>\n",
       "      <th>IMDBRatingCount</th>\n",
       "      <th>RunTime</th>\n",
       "      <th>UserCount</th>\n",
       "      <th>CriticCount</th>\n",
       "      <th>Metascore</th>\n",
       "      <th>Budget</th>\n",
       "      <th>Opening</th>\n",
       "      <th>GrossUSA</th>\n",
       "      <th>GrossIntl</th>\n",
       "      <th>Awards</th>\n",
       "      <th>Noms</th>\n",
       "      <th>Wins</th>\n",
       "      <th>ActNoms</th>\n",
       "      <th>ActWins</th>\n",
       "      <th>ActAwards</th>\n",
       "      <th>ActCreds</th>\n",
       "      <th>ReleaseMonth</th>\n",
       "      <th>ReleaseYear</th>\n",
       "      <th>Comps</th>\n",
       "    </tr>\n",
       "  </thead>\n",
       "  <tbody>\n",
       "    <tr>\n",
       "      <th>IMDBRating</th>\n",
       "      <td>1.000000</td>\n",
       "      <td>0.541885</td>\n",
       "      <td>0.433971</td>\n",
       "      <td>0.337050</td>\n",
       "      <td>0.382162</td>\n",
       "      <td>0.753551</td>\n",
       "      <td>0.029396</td>\n",
       "      <td>0.044865</td>\n",
       "      <td>0.204167</td>\n",
       "      <td>0.217706</td>\n",
       "      <td>0.486746</td>\n",
       "      <td>0.479332</td>\n",
       "      <td>0.449252</td>\n",
       "      <td>0.272067</td>\n",
       "      <td>0.276113</td>\n",
       "      <td>0.280837</td>\n",
       "      <td>0.057381</td>\n",
       "      <td>0.069403</td>\n",
       "      <td>-0.007422</td>\n",
       "      <td>-0.002991</td>\n",
       "    </tr>\n",
       "    <tr>\n",
       "      <th>IMDBRatingCount</th>\n",
       "      <td>0.541885</td>\n",
       "      <td>1.000000</td>\n",
       "      <td>0.379860</td>\n",
       "      <td>0.769476</td>\n",
       "      <td>0.535282</td>\n",
       "      <td>0.398270</td>\n",
       "      <td>0.335915</td>\n",
       "      <td>0.429164</td>\n",
       "      <td>0.563856</td>\n",
       "      <td>0.550787</td>\n",
       "      <td>0.500824</td>\n",
       "      <td>0.479141</td>\n",
       "      <td>0.484205</td>\n",
       "      <td>0.223160</td>\n",
       "      <td>0.200994</td>\n",
       "      <td>0.220917</td>\n",
       "      <td>0.130474</td>\n",
       "      <td>0.071596</td>\n",
       "      <td>-0.033549</td>\n",
       "      <td>-0.086218</td>\n",
       "    </tr>\n",
       "    <tr>\n",
       "      <th>RunTime</th>\n",
       "      <td>0.433971</td>\n",
       "      <td>0.379860</td>\n",
       "      <td>1.000000</td>\n",
       "      <td>0.382245</td>\n",
       "      <td>0.261150</td>\n",
       "      <td>0.301251</td>\n",
       "      <td>0.279551</td>\n",
       "      <td>0.154094</td>\n",
       "      <td>0.226437</td>\n",
       "      <td>0.264896</td>\n",
       "      <td>0.319780</td>\n",
       "      <td>0.321624</td>\n",
       "      <td>0.284654</td>\n",
       "      <td>0.246485</td>\n",
       "      <td>0.284748</td>\n",
       "      <td>0.267243</td>\n",
       "      <td>0.101833</td>\n",
       "      <td>0.078516</td>\n",
       "      <td>-0.054341</td>\n",
       "      <td>-0.059197</td>\n",
       "    </tr>\n",
       "    <tr>\n",
       "      <th>UserCount</th>\n",
       "      <td>0.337050</td>\n",
       "      <td>0.769476</td>\n",
       "      <td>0.382245</td>\n",
       "      <td>1.000000</td>\n",
       "      <td>0.495375</td>\n",
       "      <td>0.271180</td>\n",
       "      <td>0.351314</td>\n",
       "      <td>0.434458</td>\n",
       "      <td>0.517130</td>\n",
       "      <td>0.491109</td>\n",
       "      <td>0.430990</td>\n",
       "      <td>0.417829</td>\n",
       "      <td>0.408097</td>\n",
       "      <td>0.143076</td>\n",
       "      <td>0.141962</td>\n",
       "      <td>0.146488</td>\n",
       "      <td>0.034987</td>\n",
       "      <td>0.054337</td>\n",
       "      <td>-0.073473</td>\n",
       "      <td>-0.072656</td>\n",
       "    </tr>\n",
       "    <tr>\n",
       "      <th>CriticCount</th>\n",
       "      <td>0.382162</td>\n",
       "      <td>0.535282</td>\n",
       "      <td>0.261150</td>\n",
       "      <td>0.495375</td>\n",
       "      <td>1.000000</td>\n",
       "      <td>0.415676</td>\n",
       "      <td>0.351673</td>\n",
       "      <td>0.416088</td>\n",
       "      <td>0.411447</td>\n",
       "      <td>0.451569</td>\n",
       "      <td>0.553881</td>\n",
       "      <td>0.589617</td>\n",
       "      <td>0.442194</td>\n",
       "      <td>0.244803</td>\n",
       "      <td>0.178069</td>\n",
       "      <td>0.226635</td>\n",
       "      <td>-0.063629</td>\n",
       "      <td>0.025391</td>\n",
       "      <td>0.545013</td>\n",
       "      <td>0.037290</td>\n",
       "    </tr>\n",
       "    <tr>\n",
       "      <th>Metascore</th>\n",
       "      <td>0.753551</td>\n",
       "      <td>0.398270</td>\n",
       "      <td>0.301251</td>\n",
       "      <td>0.271180</td>\n",
       "      <td>0.415676</td>\n",
       "      <td>1.000000</td>\n",
       "      <td>-0.027078</td>\n",
       "      <td>0.023626</td>\n",
       "      <td>0.186536</td>\n",
       "      <td>0.178791</td>\n",
       "      <td>0.596917</td>\n",
       "      <td>0.591120</td>\n",
       "      <td>0.545786</td>\n",
       "      <td>0.261757</td>\n",
       "      <td>0.263824</td>\n",
       "      <td>0.269519</td>\n",
       "      <td>0.037759</td>\n",
       "      <td>0.072564</td>\n",
       "      <td>0.023906</td>\n",
       "      <td>-0.002124</td>\n",
       "    </tr>\n",
       "    <tr>\n",
       "      <th>Budget</th>\n",
       "      <td>0.029396</td>\n",
       "      <td>0.335915</td>\n",
       "      <td>0.279551</td>\n",
       "      <td>0.351314</td>\n",
       "      <td>0.351673</td>\n",
       "      <td>-0.027078</td>\n",
       "      <td>1.000000</td>\n",
       "      <td>0.672929</td>\n",
       "      <td>0.629012</td>\n",
       "      <td>0.680722</td>\n",
       "      <td>0.042149</td>\n",
       "      <td>0.075099</td>\n",
       "      <td>-0.013588</td>\n",
       "      <td>0.162835</td>\n",
       "      <td>0.132036</td>\n",
       "      <td>0.155782</td>\n",
       "      <td>0.221868</td>\n",
       "      <td>0.072547</td>\n",
       "      <td>0.096405</td>\n",
       "      <td>-0.162138</td>\n",
       "    </tr>\n",
       "    <tr>\n",
       "      <th>Opening</th>\n",
       "      <td>0.044865</td>\n",
       "      <td>0.429164</td>\n",
       "      <td>0.154094</td>\n",
       "      <td>0.434458</td>\n",
       "      <td>0.416088</td>\n",
       "      <td>0.023626</td>\n",
       "      <td>0.672929</td>\n",
       "      <td>1.000000</td>\n",
       "      <td>0.865084</td>\n",
       "      <td>0.814756</td>\n",
       "      <td>0.068350</td>\n",
       "      <td>0.093158</td>\n",
       "      <td>0.022696</td>\n",
       "      <td>0.069839</td>\n",
       "      <td>0.019160</td>\n",
       "      <td>0.052939</td>\n",
       "      <td>0.106504</td>\n",
       "      <td>0.002486</td>\n",
       "      <td>0.137411</td>\n",
       "      <td>-0.107009</td>\n",
       "    </tr>\n",
       "    <tr>\n",
       "      <th>GrossUSA</th>\n",
       "      <td>0.204167</td>\n",
       "      <td>0.563856</td>\n",
       "      <td>0.226437</td>\n",
       "      <td>0.517130</td>\n",
       "      <td>0.411447</td>\n",
       "      <td>0.186536</td>\n",
       "      <td>0.629012</td>\n",
       "      <td>0.865084</td>\n",
       "      <td>1.000000</td>\n",
       "      <td>0.922957</td>\n",
       "      <td>0.253725</td>\n",
       "      <td>0.259715</td>\n",
       "      <td>0.218783</td>\n",
       "      <td>0.142445</td>\n",
       "      <td>0.103382</td>\n",
       "      <td>0.131787</td>\n",
       "      <td>0.186157</td>\n",
       "      <td>0.072363</td>\n",
       "      <td>0.025561</td>\n",
       "      <td>-0.157957</td>\n",
       "    </tr>\n",
       "    <tr>\n",
       "      <th>GrossIntl</th>\n",
       "      <td>0.217706</td>\n",
       "      <td>0.550787</td>\n",
       "      <td>0.264896</td>\n",
       "      <td>0.491109</td>\n",
       "      <td>0.451569</td>\n",
       "      <td>0.178791</td>\n",
       "      <td>0.680722</td>\n",
       "      <td>0.814756</td>\n",
       "      <td>0.922957</td>\n",
       "      <td>1.000000</td>\n",
       "      <td>0.257944</td>\n",
       "      <td>0.261934</td>\n",
       "      <td>0.225700</td>\n",
       "      <td>0.130895</td>\n",
       "      <td>0.096853</td>\n",
       "      <td>0.121788</td>\n",
       "      <td>0.143561</td>\n",
       "      <td>0.079246</td>\n",
       "      <td>0.109794</td>\n",
       "      <td>-0.127243</td>\n",
       "    </tr>\n",
       "    <tr>\n",
       "      <th>Awards</th>\n",
       "      <td>0.486746</td>\n",
       "      <td>0.500824</td>\n",
       "      <td>0.319780</td>\n",
       "      <td>0.430990</td>\n",
       "      <td>0.553881</td>\n",
       "      <td>0.596917</td>\n",
       "      <td>0.042149</td>\n",
       "      <td>0.068350</td>\n",
       "      <td>0.253725</td>\n",
       "      <td>0.257944</td>\n",
       "      <td>1.000000</td>\n",
       "      <td>0.975108</td>\n",
       "      <td>0.938063</td>\n",
       "      <td>0.279153</td>\n",
       "      <td>0.278415</td>\n",
       "      <td>0.286342</td>\n",
       "      <td>-0.003330</td>\n",
       "      <td>0.096694</td>\n",
       "      <td>0.135789</td>\n",
       "      <td>-0.000021</td>\n",
       "    </tr>\n",
       "    <tr>\n",
       "      <th>Noms</th>\n",
       "      <td>0.479332</td>\n",
       "      <td>0.479141</td>\n",
       "      <td>0.321624</td>\n",
       "      <td>0.417829</td>\n",
       "      <td>0.589617</td>\n",
       "      <td>0.591120</td>\n",
       "      <td>0.075099</td>\n",
       "      <td>0.093158</td>\n",
       "      <td>0.259715</td>\n",
       "      <td>0.261934</td>\n",
       "      <td>0.975108</td>\n",
       "      <td>1.000000</td>\n",
       "      <td>0.837890</td>\n",
       "      <td>0.308832</td>\n",
       "      <td>0.287197</td>\n",
       "      <td>0.309075</td>\n",
       "      <td>0.007233</td>\n",
       "      <td>0.103502</td>\n",
       "      <td>0.171233</td>\n",
       "      <td>0.005267</td>\n",
       "    </tr>\n",
       "    <tr>\n",
       "      <th>Wins</th>\n",
       "      <td>0.449252</td>\n",
       "      <td>0.484205</td>\n",
       "      <td>0.284654</td>\n",
       "      <td>0.408097</td>\n",
       "      <td>0.442194</td>\n",
       "      <td>0.545786</td>\n",
       "      <td>-0.013588</td>\n",
       "      <td>0.022696</td>\n",
       "      <td>0.218783</td>\n",
       "      <td>0.225700</td>\n",
       "      <td>0.938063</td>\n",
       "      <td>0.837890</td>\n",
       "      <td>1.000000</td>\n",
       "      <td>0.204633</td>\n",
       "      <td>0.236619</td>\n",
       "      <td>0.221947</td>\n",
       "      <td>-0.019499</td>\n",
       "      <td>0.076306</td>\n",
       "      <td>0.066714</td>\n",
       "      <td>-0.008282</td>\n",
       "    </tr>\n",
       "    <tr>\n",
       "      <th>ActNoms</th>\n",
       "      <td>0.272067</td>\n",
       "      <td>0.223160</td>\n",
       "      <td>0.246485</td>\n",
       "      <td>0.143076</td>\n",
       "      <td>0.244803</td>\n",
       "      <td>0.261757</td>\n",
       "      <td>0.162835</td>\n",
       "      <td>0.069839</td>\n",
       "      <td>0.142445</td>\n",
       "      <td>0.130895</td>\n",
       "      <td>0.279153</td>\n",
       "      <td>0.308832</td>\n",
       "      <td>0.204633</td>\n",
       "      <td>1.000000</td>\n",
       "      <td>0.888567</td>\n",
       "      <td>0.985465</td>\n",
       "      <td>0.543711</td>\n",
       "      <td>0.093770</td>\n",
       "      <td>0.043486</td>\n",
       "      <td>-0.030376</td>\n",
       "    </tr>\n",
       "    <tr>\n",
       "      <th>ActWins</th>\n",
       "      <td>0.276113</td>\n",
       "      <td>0.200994</td>\n",
       "      <td>0.284748</td>\n",
       "      <td>0.141962</td>\n",
       "      <td>0.178069</td>\n",
       "      <td>0.263824</td>\n",
       "      <td>0.132036</td>\n",
       "      <td>0.019160</td>\n",
       "      <td>0.103382</td>\n",
       "      <td>0.096853</td>\n",
       "      <td>0.278415</td>\n",
       "      <td>0.287197</td>\n",
       "      <td>0.236619</td>\n",
       "      <td>0.888567</td>\n",
       "      <td>1.000000</td>\n",
       "      <td>0.953582</td>\n",
       "      <td>0.525746</td>\n",
       "      <td>0.077663</td>\n",
       "      <td>-0.044036</td>\n",
       "      <td>-0.037629</td>\n",
       "    </tr>\n",
       "    <tr>\n",
       "      <th>ActAwards</th>\n",
       "      <td>0.280837</td>\n",
       "      <td>0.220917</td>\n",
       "      <td>0.267243</td>\n",
       "      <td>0.146488</td>\n",
       "      <td>0.226635</td>\n",
       "      <td>0.269519</td>\n",
       "      <td>0.155782</td>\n",
       "      <td>0.052939</td>\n",
       "      <td>0.131787</td>\n",
       "      <td>0.121788</td>\n",
       "      <td>0.286342</td>\n",
       "      <td>0.309075</td>\n",
       "      <td>0.221947</td>\n",
       "      <td>0.985465</td>\n",
       "      <td>0.953582</td>\n",
       "      <td>1.000000</td>\n",
       "      <td>0.551592</td>\n",
       "      <td>0.090312</td>\n",
       "      <td>0.012239</td>\n",
       "      <td>-0.033874</td>\n",
       "    </tr>\n",
       "    <tr>\n",
       "      <th>ActCreds</th>\n",
       "      <td>0.057381</td>\n",
       "      <td>0.130474</td>\n",
       "      <td>0.101833</td>\n",
       "      <td>0.034987</td>\n",
       "      <td>-0.063629</td>\n",
       "      <td>0.037759</td>\n",
       "      <td>0.221868</td>\n",
       "      <td>0.106504</td>\n",
       "      <td>0.186157</td>\n",
       "      <td>0.143561</td>\n",
       "      <td>-0.003330</td>\n",
       "      <td>0.007233</td>\n",
       "      <td>-0.019499</td>\n",
       "      <td>0.543711</td>\n",
       "      <td>0.525746</td>\n",
       "      <td>0.551592</td>\n",
       "      <td>1.000000</td>\n",
       "      <td>0.048282</td>\n",
       "      <td>-0.229222</td>\n",
       "      <td>-0.108803</td>\n",
       "    </tr>\n",
       "    <tr>\n",
       "      <th>ReleaseMonth</th>\n",
       "      <td>0.069403</td>\n",
       "      <td>0.071596</td>\n",
       "      <td>0.078516</td>\n",
       "      <td>0.054337</td>\n",
       "      <td>0.025391</td>\n",
       "      <td>0.072564</td>\n",
       "      <td>0.072547</td>\n",
       "      <td>0.002486</td>\n",
       "      <td>0.072363</td>\n",
       "      <td>0.079246</td>\n",
       "      <td>0.096694</td>\n",
       "      <td>0.103502</td>\n",
       "      <td>0.076306</td>\n",
       "      <td>0.093770</td>\n",
       "      <td>0.077663</td>\n",
       "      <td>0.090312</td>\n",
       "      <td>0.048282</td>\n",
       "      <td>1.000000</td>\n",
       "      <td>-0.041222</td>\n",
       "      <td>-0.001340</td>\n",
       "    </tr>\n",
       "    <tr>\n",
       "      <th>ReleaseYear</th>\n",
       "      <td>-0.007422</td>\n",
       "      <td>-0.033549</td>\n",
       "      <td>-0.054341</td>\n",
       "      <td>-0.073473</td>\n",
       "      <td>0.545013</td>\n",
       "      <td>0.023906</td>\n",
       "      <td>0.096405</td>\n",
       "      <td>0.137411</td>\n",
       "      <td>0.025561</td>\n",
       "      <td>0.109794</td>\n",
       "      <td>0.135789</td>\n",
       "      <td>0.171233</td>\n",
       "      <td>0.066714</td>\n",
       "      <td>0.043486</td>\n",
       "      <td>-0.044036</td>\n",
       "      <td>0.012239</td>\n",
       "      <td>-0.229222</td>\n",
       "      <td>-0.041222</td>\n",
       "      <td>1.000000</td>\n",
       "      <td>0.196397</td>\n",
       "    </tr>\n",
       "    <tr>\n",
       "      <th>Comps</th>\n",
       "      <td>-0.002991</td>\n",
       "      <td>-0.086218</td>\n",
       "      <td>-0.059197</td>\n",
       "      <td>-0.072656</td>\n",
       "      <td>0.037290</td>\n",
       "      <td>-0.002124</td>\n",
       "      <td>-0.162138</td>\n",
       "      <td>-0.107009</td>\n",
       "      <td>-0.157957</td>\n",
       "      <td>-0.127243</td>\n",
       "      <td>-0.000021</td>\n",
       "      <td>0.005267</td>\n",
       "      <td>-0.008282</td>\n",
       "      <td>-0.030376</td>\n",
       "      <td>-0.037629</td>\n",
       "      <td>-0.033874</td>\n",
       "      <td>-0.108803</td>\n",
       "      <td>-0.001340</td>\n",
       "      <td>0.196397</td>\n",
       "      <td>1.000000</td>\n",
       "    </tr>\n",
       "  </tbody>\n",
       "</table>\n",
       "</div>"
      ],
      "text/plain": [
       "                 IMDBRating  IMDBRatingCount   RunTime  UserCount  \\\n",
       "IMDBRating         1.000000         0.541885  0.433971   0.337050   \n",
       "IMDBRatingCount    0.541885         1.000000  0.379860   0.769476   \n",
       "RunTime            0.433971         0.379860  1.000000   0.382245   \n",
       "UserCount          0.337050         0.769476  0.382245   1.000000   \n",
       "CriticCount        0.382162         0.535282  0.261150   0.495375   \n",
       "Metascore          0.753551         0.398270  0.301251   0.271180   \n",
       "Budget             0.029396         0.335915  0.279551   0.351314   \n",
       "Opening            0.044865         0.429164  0.154094   0.434458   \n",
       "GrossUSA           0.204167         0.563856  0.226437   0.517130   \n",
       "GrossIntl          0.217706         0.550787  0.264896   0.491109   \n",
       "Awards             0.486746         0.500824  0.319780   0.430990   \n",
       "Noms               0.479332         0.479141  0.321624   0.417829   \n",
       "Wins               0.449252         0.484205  0.284654   0.408097   \n",
       "ActNoms            0.272067         0.223160  0.246485   0.143076   \n",
       "ActWins            0.276113         0.200994  0.284748   0.141962   \n",
       "ActAwards          0.280837         0.220917  0.267243   0.146488   \n",
       "ActCreds           0.057381         0.130474  0.101833   0.034987   \n",
       "ReleaseMonth       0.069403         0.071596  0.078516   0.054337   \n",
       "ReleaseYear       -0.007422        -0.033549 -0.054341  -0.073473   \n",
       "Comps             -0.002991        -0.086218 -0.059197  -0.072656   \n",
       "\n",
       "                 CriticCount  Metascore    Budget   Opening  GrossUSA  \\\n",
       "IMDBRating          0.382162   0.753551  0.029396  0.044865  0.204167   \n",
       "IMDBRatingCount     0.535282   0.398270  0.335915  0.429164  0.563856   \n",
       "RunTime             0.261150   0.301251  0.279551  0.154094  0.226437   \n",
       "UserCount           0.495375   0.271180  0.351314  0.434458  0.517130   \n",
       "CriticCount         1.000000   0.415676  0.351673  0.416088  0.411447   \n",
       "Metascore           0.415676   1.000000 -0.027078  0.023626  0.186536   \n",
       "Budget              0.351673  -0.027078  1.000000  0.672929  0.629012   \n",
       "Opening             0.416088   0.023626  0.672929  1.000000  0.865084   \n",
       "GrossUSA            0.411447   0.186536  0.629012  0.865084  1.000000   \n",
       "GrossIntl           0.451569   0.178791  0.680722  0.814756  0.922957   \n",
       "Awards              0.553881   0.596917  0.042149  0.068350  0.253725   \n",
       "Noms                0.589617   0.591120  0.075099  0.093158  0.259715   \n",
       "Wins                0.442194   0.545786 -0.013588  0.022696  0.218783   \n",
       "ActNoms             0.244803   0.261757  0.162835  0.069839  0.142445   \n",
       "ActWins             0.178069   0.263824  0.132036  0.019160  0.103382   \n",
       "ActAwards           0.226635   0.269519  0.155782  0.052939  0.131787   \n",
       "ActCreds           -0.063629   0.037759  0.221868  0.106504  0.186157   \n",
       "ReleaseMonth        0.025391   0.072564  0.072547  0.002486  0.072363   \n",
       "ReleaseYear         0.545013   0.023906  0.096405  0.137411  0.025561   \n",
       "Comps               0.037290  -0.002124 -0.162138 -0.107009 -0.157957   \n",
       "\n",
       "                 GrossIntl    Awards      Noms      Wins   ActNoms   ActWins  \\\n",
       "IMDBRating        0.217706  0.486746  0.479332  0.449252  0.272067  0.276113   \n",
       "IMDBRatingCount   0.550787  0.500824  0.479141  0.484205  0.223160  0.200994   \n",
       "RunTime           0.264896  0.319780  0.321624  0.284654  0.246485  0.284748   \n",
       "UserCount         0.491109  0.430990  0.417829  0.408097  0.143076  0.141962   \n",
       "CriticCount       0.451569  0.553881  0.589617  0.442194  0.244803  0.178069   \n",
       "Metascore         0.178791  0.596917  0.591120  0.545786  0.261757  0.263824   \n",
       "Budget            0.680722  0.042149  0.075099 -0.013588  0.162835  0.132036   \n",
       "Opening           0.814756  0.068350  0.093158  0.022696  0.069839  0.019160   \n",
       "GrossUSA          0.922957  0.253725  0.259715  0.218783  0.142445  0.103382   \n",
       "GrossIntl         1.000000  0.257944  0.261934  0.225700  0.130895  0.096853   \n",
       "Awards            0.257944  1.000000  0.975108  0.938063  0.279153  0.278415   \n",
       "Noms              0.261934  0.975108  1.000000  0.837890  0.308832  0.287197   \n",
       "Wins              0.225700  0.938063  0.837890  1.000000  0.204633  0.236619   \n",
       "ActNoms           0.130895  0.279153  0.308832  0.204633  1.000000  0.888567   \n",
       "ActWins           0.096853  0.278415  0.287197  0.236619  0.888567  1.000000   \n",
       "ActAwards         0.121788  0.286342  0.309075  0.221947  0.985465  0.953582   \n",
       "ActCreds          0.143561 -0.003330  0.007233 -0.019499  0.543711  0.525746   \n",
       "ReleaseMonth      0.079246  0.096694  0.103502  0.076306  0.093770  0.077663   \n",
       "ReleaseYear       0.109794  0.135789  0.171233  0.066714  0.043486 -0.044036   \n",
       "Comps            -0.127243 -0.000021  0.005267 -0.008282 -0.030376 -0.037629   \n",
       "\n",
       "                 ActAwards  ActCreds  ReleaseMonth  ReleaseYear     Comps  \n",
       "IMDBRating        0.280837  0.057381      0.069403    -0.007422 -0.002991  \n",
       "IMDBRatingCount   0.220917  0.130474      0.071596    -0.033549 -0.086218  \n",
       "RunTime           0.267243  0.101833      0.078516    -0.054341 -0.059197  \n",
       "UserCount         0.146488  0.034987      0.054337    -0.073473 -0.072656  \n",
       "CriticCount       0.226635 -0.063629      0.025391     0.545013  0.037290  \n",
       "Metascore         0.269519  0.037759      0.072564     0.023906 -0.002124  \n",
       "Budget            0.155782  0.221868      0.072547     0.096405 -0.162138  \n",
       "Opening           0.052939  0.106504      0.002486     0.137411 -0.107009  \n",
       "GrossUSA          0.131787  0.186157      0.072363     0.025561 -0.157957  \n",
       "GrossIntl         0.121788  0.143561      0.079246     0.109794 -0.127243  \n",
       "Awards            0.286342 -0.003330      0.096694     0.135789 -0.000021  \n",
       "Noms              0.309075  0.007233      0.103502     0.171233  0.005267  \n",
       "Wins              0.221947 -0.019499      0.076306     0.066714 -0.008282  \n",
       "ActNoms           0.985465  0.543711      0.093770     0.043486 -0.030376  \n",
       "ActWins           0.953582  0.525746      0.077663    -0.044036 -0.037629  \n",
       "ActAwards         1.000000  0.551592      0.090312     0.012239 -0.033874  \n",
       "ActCreds          0.551592  1.000000      0.048282    -0.229222 -0.108803  \n",
       "ReleaseMonth      0.090312  0.048282      1.000000    -0.041222 -0.001340  \n",
       "ReleaseYear       0.012239 -0.229222     -0.041222     1.000000  0.196397  \n",
       "Comps            -0.033874 -0.108803     -0.001340     0.196397  1.000000  "
      ]
     },
     "execution_count": 272,
     "metadata": {},
     "output_type": "execute_result"
    }
   ],
   "source": [
    "movies.corr()"
   ]
  },
  {
   "cell_type": "code",
   "execution_count": 273,
   "metadata": {},
   "outputs": [
    {
     "data": {
